4294967294,15
4294967294,39
4294967294,68
4294967294,11
4294967279,310
90,6
90,0
90,5
85,8
85,0
85,7
85,6
91,4
91,3
91,2
91,1
4294967279,416
90,4
90,3
90,2
90,1
4294967278,356
4294967294,168
4294967294,384
4294967294,175
4294967294,116
4294967294,401
4294967294,169
4294967294,394
4294967294,164
4294967279,410
89,6
4294967294,392
4294967294,46
4294967294,115
4294967278,355
4294967279,409
89,5
4294967294,17
4294967294,96
89,4
89,3
89,2
89,1
0,7
4294967294,1
4294967294,484
0,5
4294967294,67
4294967294,430
4294967294,2
4294967294,0
4294967294,91
4294967294,87
4294967294,85
4294967294,129
4294967294,28
4294967294,1019
4294967294,27
4294967294,1358
4294967279,311
4294967278,384
88,5
4294967294,6
4294967294,22
4294967294,41
4294967294,156
4294967294,26
4294967294,1355
4294967294,83
4294967294,426
4294967294,51
4294967294,25
4294967294,202
4294967294,82
4294967294,7
4294967294,94
4294967294,93
4294967294,95
88,4
4294967294,9
88,3
88,2
88,1
4294967293,131
4294967293,130
4294967293,129
4294967293,128
4294967293,127
4294967293,126
4294967293,125
4294967293,124
4294967293,123
4294967293,122
4294967293,121
4294967293,120
4294967293,119
4294967293,118
4294967293,117
4294967293,116
4294967293,115
4294967293,114
4294967293,113
4294967293,112
4294967293,111
4294967293,110
4294967293,109
4294967293,108
4294967293,107
4294967293,106
4294967293,105
4294967293,104
4294967293,103
4294967293,102
4294967293,101
4294967293,100
4294967293,99
4294967293,98
4294967293,97
4294967293,96
4294967293,95
4294967293,94
4294967293,93
4294967293,92
4294967293,91
4294967293,90
4294967293,89
4294967293,87
4294967293,86
4294967293,85
4294967293,84
4294967293,83
4294967293,82
4294967293,81
4294967293,80
4294967293,79
4294967293,78
4294967293,77
4294967293,76
4294967293,75
4294967293,74
4294967293,73
4294967293,72
4294967293,71
4294967293,70
4294967293,69
4294967293,68
4294967293,67
4294967293,66
4294967293,65
4294967293,64
4294967293,63
4294967293,62
4294967293,61
4294967293,60
4294967293,59
4294967293,58
4294967293,57
4294967293,56
4294967293,55
4294967293,54
4294967293,53
4294967293,52
4294967293,51
4294967293,50
4294967293,49
4294967293,48
4294967293,47
4294967293,46
4294967293,45
4294967293,44
4294967293,43
4294967293,42
4294967293,41
4294967293,40
4294967293,39
4294967293,38
4294967293,37
4294967293,36
4294967293,35
4294967293,34
4294967293,33
4294967293,32
4294967293,31
4294967293,30
4294967293,29
4294967293,28
4294967293,27
4294967293,26
4294967293,25
4294967293,24
4294967293,23
4294967293,22
4294967293,21
4294967293,20
4294967293,19
4294967293,18
4294967293,17
4294967293,16
4294967293,15
4294967293,14
4294967293,13
4294967293,12
4294967293,11
4294967293,10
4294967293,9
4294967293,8
4294967293,7
4294967293,6
4294967293,5
4294967293,4
4294967293,3
4294967279,106
4294967279,105
4294967279,104
4294967279,103
4294967279,102
4294967279,101
4294967279,100
4294967279,99
4294967279,98
4294967279,97
4294967279,96
4294967279,95
4294967279,94
4294967279,93
4294967279,92
4294967279,91
4294967279,90
4294967279,89
4294967279,87
4294967279,86
4294967279,85
4294967279,84
4294967279,83
4294967279,82
4294967279,81
4294967279,80
4294967279,79
4294967279,78
4294967279,77
4294967279,76
4294967279,75
4294967279,74
4294967279,73
4294967279,71
4294967279,70
4294967279,69
4294967279,67
4294967279,66
4294967279,65
4294967279,64
4294967279,63
4294967279,62
4294967279,61
4294967279,59
4294967279,56
4294967279,55
4294967279,54
4294967279,53
4294967279,52
4294967279,50
4294967279,37
4294967279,36
4294967279,35
4294967279,34
4294967279,33
4294967279,32
4294967279,31
4294967279,30
4294967279,29
4294967279,28
4294967279,27
4294967279,26
4294967279,25
4294967279,72
4294967294,1357
4294967279,68
87,4
87,3
87,2
87,1
4294967279,60
4294967279,57
4294967294,196
4294967294,198
4294967278,307
4294967279,58
85,5
85,4
85,3
85,2
85,1
4294967278,302
84,4
84,3
84,2
84,1
4294967279,49
4294967278,352
4294967279,41
4294967279,261
4294967279,408
4294967279,407
4294967279,46
4294967279,45
4294967279,44
4294967279,43
4294967279,42
4294967278,351
4294967279,40
4294967279,39
4294967279,403
4294967279,38
4294967278,340
4294967294,30
4294967294,97
4294967294,61
4294967294,12
4294967279,179
82,6
82,0
82,5
4294967279,191
4294967279,183
4294967279,182
4294967279,181
4294967279,180
4294967279,178
77,8
77,0
4294967279,177
4294967279,176
4294967279,175
4294967279,173
4294967279,162
4294967279,161
4294967279,156
4294967279,155
4294967279,154
4294967279,153
4294967279,152
4294967279,151
77,7
77,6
4294967279,150
4294967279,149
4294967279,148
4294967279,147
4294967279,146
4294967279,145
4294967279,144
4294967279,143
4294967279,142
4294967279,141
4294967279,140
4294967279,139
4294967278,272
4294967278,261
4294967279,258
4294967279,250
83,4
83,3
83,2
83,1
4294967279,237
4294967279,234
82,4
82,3
82,2
82,1
4294967279,447
4294967279,225
81,6
4294967279,223
4294967278,221
4294967278,219
81,5
81,4
81,3
81,2
81,1
4294967279,446
4294967294,483
4294967278,321
4294967279,445
4294967279,317
80,5
80,4
80,3
80,2
80,1
4294967279,201
79,4
79,3
79,2
79,1
4294967294,412
4294967294,404
4294967279,193
4294967278,311
4294967279,192
77,5
4294967279,190
77,4
4294967279,189
77,3
77,2
77,1
4294967279,188
4294967279,187
4294967279,186
4294967279,185
76,4
76,3
76,2
76,1
4294967279,184
4294967278,383
4294967279,444
4294967278,382
4294967279,443
4294967278,381
4294967278,380
4294967279,442
4294967279,441
4294967279,51
4294967279,48
4294967279,47
4294967279,172
4294967279,171
4294967279,170
4294967279,169
4294967279,168
4294967279,167
74,6
74,0
74,5
4294967278,134
4294967279,249
4294967279,242
4294967279,240
4294967279,238
4294967279,236
69,8
69,0
4294967279,232
4294967279,228
4294967279,226
69,7
69,6
4294967279,166
4294967279,165
4294967279,164
4294967279,163
4294967279,160
4294967279,159
4294967279,158
75,4
75,3
75,2
75,1
74,4
74,3
74,2
74,1
4294967278,379
4294967278,346
4294967278,137
73,6
4294967278,136
4294967278,339
4294967279,277
4294967279,276
